399001
399002
399003
399004
399005
399007
399100
399101
399106
399107
399108
399110
399120
399130
399131
399132
399133
399134
399135
399136
399137
399138
399139
399140
399150
399160
399170
399180
399190
399200
399210
399220
399230
399300
399305
399310
399311
399312
399313
399314
399315
399316
399317
399318
399319
399320
399321
399322
399323
399324
399325
399326
399327
399328
399329
399330
399331
399332
399333
399334
399335
399336
399337
399338
399339
399340
399341
399344
399345
399346
399347
399348
399351
399352
399353
399355
399356
399357
399358
399359
399360
399361
399362
399363
399364
399365
399366
399367
399368
399369
399370
399371
399372
399373
399374
399375
399376
399377
399481
399901
399902
399903
399904
399905
399906
399907
399908
399909
399910
399911
399912
399913
399914
399915
399916
399917
399918
399919
399920
399921
399922
399923
399924
399925
399926
399927
399928
399929
399930
399931
399932
399933
399934
399935
399936
399937
399938
399939
399940
399941
399942
399943
399944
399945
399946
399947
399948
399949
399950
399951
399952
399953
399954
399955
399956
399960
000001
000002
000004
000005
000006
000007
000008
000009
000010
000011
000012
000014
000016
000017
000018
000019
000020
000021
000022
000023
000024
000025
000026
000027
000028
000029
000030
000031
000032
000033
000034
000035
000036
000037
000039
000040
000042
000043
000045
000046
000048
000049
000050
000055
000056
000058
000059
000060
000061
000062
000063
000065
000066
000068
000069
000070
000078
000088
000089
000090
000096
000099
000100
000150
000151
000153
000155
000157
000158
000159
000301
000338
000400
000401
000402
000404
000407
000408
000409
000410
000411
000413
000415
000416
000417
000418
000419
000420
000421
000422
000423
000425
000426
000428
000429
000430
000488
000501
000502
000503
000504
000505
000506
000507
000509
000510
000511
000513
000514
000516
000517
000518
000519
000520
000521
000522
000523
000524
000525
000526
000527
000528
000529
000530
000531
000532
000533
000534
000536
000537
000538
000539
000540
000541
000543
000544
000545
000546
000547
000548
000550
000551
000552
000553
000554
000555
000557
000558
000559
000560
000561
000562
000563
000564
000565
000566
000567
000568
000570
000571
000572
000573
000576
000578
000581
000582
000584
000585
000586
000587
000589
000590
000591
000592
000593
000594
000595
000596
000597
000598
000599
000600
000601
000602
000603
000605
000606
000607
000608
000609
000610
000611
000612
000613
000615
000616
000617
000619
000623
000625
000626
000627
000628
000629
000630
000631
000632
000633
000635
000636
000637
000638
000639
000650
000651
000652
000655
000656
000657
000659
000661
000662
000663
000665
000666
000667
000668
000669
000671
000673
000676
000677
000678
000679
000680
000682
000683
000685
000686
000687
000690
000691
000692
000695
000697
000698
000700
000701
000702
000703
000705
000707
000708
000709
000710
000711
000712
000713
000715
000716
000717
000718
000720
000721
000722
000723
000725
000726
000727
000728
000729
000731
000733
000735
000736
000737
000738
000739
000748
000750
000751
000752
000753
000755
000756
000758
000759
000760
000761
000762
000766
000767
000768
000776
000777
000778
000779
000780
000782
000783
000785
000786
000788
000789
000790
000791
000792
000793
000795
000796
000797
000798
000799
000800
000801
000802
000803
000806
000807
000809
000810
000811
000812
000813
000815
000816
000818
000819
000820
000821
000822
000823
000825
000826
000828
000829
000830
000831
000833
000835
000836
000837
000838
000839
000848
000850
000851
000852
000856
000858
000859
000860
000861
000862
000868
000869
000875
000876
000877
000878
000880
000881
000882
000883
000885
000886
000887
000888
000889
000890
000892
000893
000895
000897
000898
000899
000900
000901
000902
000903
000905
000906
000908
000909
000910
000911
000912
000913
000915
000916
000917
000918
000919
000920
000921
000922
000923
000925
000926
000927
000928
000929
000930
000931
000932
000933
000935
000936
000937
000938
000939
000948
000949
000950
000951
000952
000953
000955
000957
000958
000959
000960
000961
000962
000963
000965
000966
000967
000968
000969
000970
000971
000972
000973
000975
000976
000977
000978
000979
000980
000982
000983
000985
000987
000988
000989
000990
000993
000995
000996
000997
000998
000999
001696
001896
002001
002002
002003
002004
002005
002006
002007
002008
002009
002010
002011
002012
002013
002014
002015
002016
002017
002018
002019
002020
002021
002022
002023
002024
002025
002026
002027
002028
002029
002030
002031
002032
002033
002034
002035
002036
002037
002038
002039
002040
002041
002042
002043
002044
002045
002046
002047
002048
002049
002050
002051
002052
002053
002054
002055
002056
002057
002058
002059
002060
002061
002062
002063
002064
002065
002066
002067
002068
002069
002070
002071
002072
002073
002074
002075
002076
002077
002078
002079
002080
002081
002082
002083
002084
002085
002086
002087
002088
002089
002090
002091
002092
002093
002094
002095
002096
002097
002098
002099
002100
002101
002102
002103
002104
002105
002106
002107
002108
002109
002110
002111
002112
002113
002114
002115
002116
002117
002118
002119
002120
002121
002122
002123
002124
002125
002126
002127
002128
002129
002130
002131
002132
002133
002134
002135
002136
002137
002138
002139
002140
002141
002142
002143
002144
002145
002146
002147
002148
002149
002150
002151
002152
002153
002154
002155
002156
002157
002158
002159
002160
002161
002162
002163
002164
002165
002166
002167
002168
002169
002170
002171
002172
002173
002174
002175
002176
002177
002178
002179
002180
002181
002182
002183
002184
002185
002186
002187
002188
002189
002190
002191
002192
002193
002194
002195
002196
002197
002198
002199
002200
002201
002202
002203
002204
002205
002206
002207
002208
002209
002210
002211
002212
002213
002214
002215
002216
002217
002218
002219
002220
002221
002222
002223
002224
002225
002226
002227
002228
002229
002230
002231
002232
002233
002234
002235
002236
002237
002238
002239
002240
002241
002242
002243
002244
002245
002246
002247
002248
002249
002250
002251
002252
002253
002254
002255
002256
002258
002259
002260
002261
002262
002263
002264
002265
002266
002267
002268
002269
002270
002271
002272
002273
002274
002275
002276
002277
002278
002279
002280
002281
002282
002283
002284
002285
002286
002287
002288
002289
002290
002291
002292
002293
002294
002295
002296
002297
002298
002299
002300
002301
002302
002303
002304
002305
002306
002307
002308
002309
002310
002311
002312
002313
002314
002315
002316
002317
002318
002319
002320
002321
002322
002323
002324
002325
002326
002327
002328
002329
002330
002331
002332
002333
002334
002335
002336
002337
002338
002339
002340
002341
002342
002343
002344
002345
002346
002347
002348
002349
002350
002351
002352
002353
002354
002355
002356
002357
002358
002359
002360
002361
002362
002363
002364
002365
002366
002367
002368
002375
002376
002377
125709
125960
125969
300001
300002
300003
300004
300005
300006
300007
300008
300009
300010
300011
300012
300013
300014
300015
300016
300017
300018
300019
300020
300021
300022
300023
300024
300025
300026
300027
300028
300029
300030
300031
300032
300033
300034
300035
300036
300037
300038
300039
300040
300041
300042
300043
300044
300045
300046
300047
300048
300049
300050
300051
300052
300053
300054
300055
300056
300057
300058
002369
002370
002371
399957
300063
300064
300065
300066
002372
002373
002374
002378
002379
002380
300059
300061
300062
